Game 1001 Data: 
Board: 
P | P | .
---------
. | . | .
---------
A | A | A
Input layer weights: 
-0.055298
-0.394244
19.7534
0.129571
19.3196
0.323281
20.1922
19.6224
19.5539
Input layer values: 
-0.55298
-3.94244
0
0
0
0
0
-196.224
-195.539
Layer 1 weights: 
4817.92
4817.95
4838.03
4778.91
4817.69
4759.83
4837.82
4838.42
4817.98
Layer 1 biases: 
1790.38
1790.16
1795.59
1780.51
1790.14
1775.25
1795.81
1795.33
1790.25
Layer 1 values: 
0
0
0
0
0
0
0
0
0
Layer 2 weights: 
11960.1
11980.6
11960.1
11920.7
11960.4
11882.1
11980.7
4818.44
11960
Layer 2 biases: 
3576.35
3581.34
3576.18
3565.85
3575.63
3555.75
3581.35
1790.88
3575.59
Layer 2 values: 
3574.69
3579.67
3574.51
3564.19
3573.96
3554.09
3579.68
1790.05
3573.93
Layer 3 weights: 
14303.9
14324.5
14303.7
14303.9
14323.7
14264
14304.3
-0.200571
7162.05
Layer 3 biases: 
3575.77
3581.15
3575.75
3575.88
3581.32
3565.87
3576.42
-0.183074
1790.59
Layer 3 values: 
4.82405e+07
4.83099e+07
4.82398e+07
4.82404e+07
4.83073e+07
4.8106e+07
4.82418e+07
0
2.41543e+07
Output layer values: 
2.87811e+11
2.87808e+11
2.87804e+11
2.87802e+11
2.87796e+11
2.87026e+11
2.87023e+11
-2.33502e+06
-7.04017e+06
Game 1002 Data: 
Board: 
P | P | .
---------
. | . | .
---------
A | A | A
Input layer weights: 
-0.055298
-0.394244
19.7534
0.129571
19.3196
0.323281
20.1922
19.6224
19.5539
Input layer values: 
-0.55298
-3.94244
0
0
0
0
0
-196.224
-195.539
Layer 1 weights: 
4819.75
4819.78
4839.86
4780.75
4819.52
4761.66
4839.65
4840.25
4819.81
Layer 1 biases: 
1791.21
1790.99
1796.43
1781.34
1790.98
1776.08
1796.64
1796.16
1791.09
Layer 1 values: 
0
0
0
0
0
0
0
0
0
Layer 2 weights: 
11965.3
11985.7
11965.2
11925.9
11965.6
11887.2
11985.8
4820.27
11965.2
Layer 2 biases: 
3578.02
3583
3577.84
3567.51
3577.29
3557.42
3583.01
1791.71
3577.26
Layer 2 values: 
3576.35
3581.34
3576.18
3565.85
3575.63
3555.75
3581.35
1790.88
3575.59
Layer 3 weights: 
14310.6
14331.1
14310.4
14310.5
14330.4
14270.7
14311
-0.200571
7165.38
Layer 3 biases: 
3577.44
3582.82
3577.42
3577.54
3582.98
3567.54
3578.09
-0.183074
1791.42
Layer 3 values: 
4.82855e+07
4.83549e+07
4.82848e+07
4.82854e+07
4.83524e+07
4.81509e+07
4.82868e+07
0
2.41768e+07
Output layer values: 
2.88213e+11
2.8821e+11
2.88206e+11
2.88204e+11
2.88199e+11
2.87427e+11
2.87424e+11
-2.3372e+06
-7.04673e+06
Game 1003 Data: 
Board: 
P | . | .
---------
. | P | .
---------
A | A | P
Input layer weights: 
-1.88501
-2.22395
17.9237
-1.70014
17.4899
-1.50643
18.3625
17.7927
17.7242
Input layer values: 
-0
-0
0
0
193.196
0
0
-196.224
195.539
Layer 1 weights: 
4816.09
4816.12
4836.21
4777.09
4815.86
4758
4835.99
4836.59
4816.15
Layer 1 biases: 
1789.93
1789.7
1795.14
1780.06
1789.69
1774.79
1795.36
1794.87
1789.8
Layer 1 values: 
104886
104887
105322
104042
104881
103629
105317
105330
104888
Layer 2 weights: 
11961.6
11982.1
11961.6
11922.2
11961.9
11883.6
11982.2
4818.44
11961.5
Layer 2 biases: 
3577.1
3582.09
3576.93
3566.6
3576.38
3556.5
3582.09
1791.25
3576.34
Layer 2 values: 
1.25394e+09
1.25609e+09
1.25393e+09
1.24981e+09
1.25397e+09
1.24576e+09
1.25609e+09
5.05157e+08
1.25393e+09
Layer 3 weights: 
14306.9
14327.5
14306.7
14306.9
14326.7
14267
14307.3
-0.200571
7163.55
Layer 3 biases: 
3576.52
3581.9
3576.5
3576.63
3582.06
3566.62
3577.17
-0.183074
1790.96
Layer 3 values: 
1.67412e+13
1.67653e+13
1.6741e+13
1.67412e+13
1.67644e+13
1.66946e+13
1.67417e+13
0
8.38245e+12
Output layer values: 
9.99739e+16
9.99728e+16
9.99716e+16
9.99708e+16
9.9969e+16
9.97015e+16
9.97005e+16
-8.1034e+11
-2.4432e+12
